# rmsds '2knr.pdb' 'test.pdb' - louis (Mon Apr 22 16:55:27 2019) {/home/louis/loos/Packages/User} [3.0 190417]
# 20 20 (0)
0 1.5 0.75 1.3 0.99 0.71 0.68 0.92 1.1 1.8 0.8 1.3 2.1 1.5 1.1 1 1.5 1.4 0.78 1.3 
1.5 0 1.6 0.67 1 1.3 1.6 1.4 1.1 0.9 1.1 1.1 1.1 0.72 0.87 1.1 0.8 1.1 1.1 0.9 
0.75 1.6 0 1.5 1.2 0.97 0.88 0.97 1.1 1.8 0.87 1.5 2.2 1.7 1.2 1.1 1.7 1.5 1 1.3 
1.3 0.67 1.5 0 0.75 1.2 1.4 1.2 0.89 0.94 1 0.76 1.2 0.77 0.84 0.96 0.78 1 0.91 0.75 
0.99 1 1.2 0.75 0 0.92 1 0.86 0.74 1.2 0.93 0.67 1.6 1 0.89 0.79 1.1 0.97 0.77 0.78 
0.71 1.3 0.97 1.2 0.92 0 0.97 0.9 0.98 1.6 0.79 1.2 1.9 1.3 0.83 0.94 1.4 1.3 0.76 1.1 
0.68 1.6 0.88 1.4 1 0.97 0 0.97 1.2 1.8 1.1 1.4 2 1.6 1.2 1.1 1.6 1.5 0.96 1.3 
0.92 1.4 0.97 1.2 0.86 0.9 0.97 0 0.97 1.5 0.99 1.1 2 1.4 1.1 0.85 1.5 1.3 0.92 1.1 
1.1 1.1 1.1 0.89 0.74 0.98 1.2 0.97 0 1.1 0.91 0.76 1.5 0.85 0.77 0.77 1 0.96 0.76 0.69 
1.8 0.9 1.8 0.94 1.2 1.6 1.8 1.5 1.1 0 1.4 1.1 0.9 0.65 1.1 1.2 0.79 1.1 1.3 0.95 
0.8 1.1 0.87 1 0.93 0.79 1.1 0.99 0.91 1.4 0 1.1 1.7 1.2 0.85 0.82 1.2 1.2 0.77 0.97 
1.3 1.1 1.5 0.76 0.67 1.2 1.4 1.1 0.76 1.1 1.1 0 1.5 1 0.95 0.85 1 0.85 1 0.78 
2.1 1.1 2.2 1.2 1.6 1.9 2 2 1.5 0.9 1.7 1.5 0 0.99 1.3 1.6 0.88 1.4 1.6 1.2 
1.5 0.72 1.7 0.77 1 1.3 1.6 1.4 0.85 0.65 1.2 1 0.99 0 0.88 1.1 0.75 1.1 1 0.8 
1.1 0.87 1.2 0.84 0.89 0.83 1.2 1.1 0.77 1.1 0.85 0.95 1.3 0.88 0 0.76 0.89 0.93 0.74 0.74 
1 1.1 1.1 0.96 0.79 0.94 1.1 0.85 0.77 1.2 0.82 0.85 1.6 1.1 0.76 0 0.99 0.84 0.89 0.84 
1.5 0.8 1.7 0.78 1.1 1.4 1.6 1.5 1 0.79 1.2 1 0.88 0.75 0.89 0.99 0 0.95 1.1 0.86 
1.4 1.1 1.5 1 0.97 1.3 1.5 1.3 0.96 1.1 1.2 0.85 1.4 1.1 0.93 0.84 0.95 0 1 0.92 
0.78 1.1 1 0.91 0.77 0.76 0.96 0.92 0.76 1.3 0.77 1 1.6 1 0.74 0.89 1.1 1 0 0.87 
1.3 0.9 1.3 0.75 0.78 1.1 1.3 1.1 0.69 0.95 0.97 0.78 1.2 0.8 0.74 0.84 0.86 0.92 0.87 0 
