# rmsds '-p' '8' '--sel1' '!hydrogen' 'test.pdb' 'test.pdb' - louis (Tue Apr 16 15:20:08 2019) {/home/louis/loos/Packages/User} [3.0 190416]
# 20 20 (0)
0 1.8582406 1.2497542 1.8067259 1.492735 1.2395335 1.1294119 1.442587 1.7297034 2.1166427 1.3889761 1.7915055 2.4908903 1.9472128 1.5229465 1.5748209 2.0120287 1.8168198 1.3104908 1.7276204 
1.8582406 0 2.0254865 1.2896887 1.5272118 1.6782235 1.949537 1.8023534 1.5353607 1.2997506 1.6332937 1.5771863 1.6198323 1.3205737 1.4623002 1.6016634 1.4535934 1.5682217 1.5764576 1.4315295 
1.2497542 2.0254865 0 2.0712652 1.7477175 1.4924539 1.3662235 1.5770433 1.7598164 2.29916 1.3924081 1.946063 2.6920369 2.1411471 1.7871479 1.6555382 2.1350009 1.9990656 1.5724838 1.8505138 
1.8067259 1.2896887 2.0712652 0 1.3442603 1.5741571 1.8421782 1.7078778 1.5088302 1.4611621 1.6045058 1.2825503 1.7372712 1.4688215 1.3082839 1.3844531 1.4288867 1.425982 1.4145381 1.3802416 
1.492735 1.5272118 1.7477175 1.3442603 0 1.4011239 1.4156888 1.4420396 1.2511241 1.6852329 1.6850772 1.2861292 2.0304673 1.5424083 1.4548992 1.3100926 1.6126804 1.4488651 1.2707603 1.3027556 
1.2395335 1.6782235 1.4924539 1.5741571 1.4011239 0 1.3433486 1.400457 1.5891846 1.8896188 1.4351752 1.5918967 2.2978191 1.6894335 1.2690985 1.3895485 1.833668 1.7220398 1.3121794 1.6023185 
1.1294119 1.949537 1.3662235 1.8421782 1.4156888 1.3433486 0 1.4239484 1.682449 2.1515563 1.6498454 1.7916148 2.421031 2.0297949 1.6414511 1.5961208 2.0568693 1.8732787 1.4339933 1.7044934 
1.442587 1.8023534 1.5770433 1.7078778 1.4420396 1.400457 1.4239484 0 1.6965221 1.9764627 1.6039507 1.6655736 2.4784954 1.9356964 1.6004852 1.4943857 1.9683515 1.7946454 1.4893638 1.682932 
1.7297034 1.5353607 1.7598164 1.5088302 1.2511241 1.5891846 1.682449 1.6965221 0 1.6540996 1.6743199 1.4576983 2.0484953 1.4582891 1.4357108 1.4100103 1.6243606 1.5922511 1.4080491 1.3620089 
2.1166427 1.2997506 2.29916 1.4611621 1.6852329 1.8896188 2.1515563 1.9764627 1.6540996 0 2.0012126 1.6217806 1.4957035 1.1324754 1.5500774 1.6965413 1.466597 1.5967002 1.7713145 1.4850628 
1.3889761 1.6332937 1.3924081 1.6045058 1.6850772 1.4351752 1.6498454 1.6039507 1.6743199 2.0012126 0 1.7758377 2.224164 1.8400347 1.521762 1.462175 1.6420023 1.6988487 1.5104654 1.6319047 
1.7915055 1.5771863 1.946063 1.2825503 1.2861292 1.5918967 1.7916148 1.6655736 1.4576983 1.6217806 1.7758377 0 1.9724492 1.5631633 1.4078263 1.4312782 1.5312884 1.4139156 1.4770908 1.4955854 
2.4908903 1.6198323 2.6920369 1.7372712 2.0304673 2.2978191 2.421031 2.4784954 2.0484953 1.4957035 2.224164 1.9724492 0 1.5667046 1.8667136 2.0626554 1.3279346 1.9119554 2.0834792 1.7816429 
1.9472128 1.3205737 2.1411471 1.4688215 1.5424083 1.6894335 2.0297949 1.9356964 1.4582891 1.1324754 1.8400347 1.5631633 1.5667046 0 1.4655437 1.6622143 1.3389326 1.6930819 1.6132745 1.3819741 
1.5229465 1.4623002 1.7871479 1.3082839 1.4548992 1.2690985 1.6414511 1.6004852 1.4357108 1.5500774 1.521762 1.4078263 1.8667136 1.4655437 0 1.3322008 1.4623288 1.4333422 1.3245827 1.3671001 
1.5748209 1.6016634 1.6555382 1.3844531 1.3100926 1.3895485 1.5961208 1.4943857 1.4100103 1.6965413 1.462175 1.4312782 2.0626554 1.6622143 1.3322008 0 1.5676429 1.2509745 1.4876664 1.3437681 
2.0120287 1.4535934 2.1350009 1.4288867 1.6126804 1.833668 2.0568693 1.9683515 1.6243606 1.466597 1.6420023 1.5312884 1.3279346 1.3389326 1.4623288 1.5676429 0 1.5873511 1.7380751 1.492582 
1.8168198 1.5682217 1.9990656 1.425982 1.4488651 1.7220398 1.8732787 1.7946454 1.5922511 1.5967002 1.6988487 1.4139156 1.9119554 1.6930819 1.4333422 1.2509745 1.5873511 0 1.4511642 1.5073863 
1.3104908 1.5764576 1.5724838 1.4145381 1.2707603 1.3121794 1.4339933 1.4893638 1.4080491 1.7713145 1.5104654 1.4770908 2.0834792 1.6132745 1.3245827 1.4876664 1.7380751 1.4511642 0 1.4831313 
1.7276204 1.4315295 1.8505138 1.3802416 1.3027556 1.6023185 1.7044934 1.682932 1.3620089 1.4850628 1.6319047 1.4955854 1.7816429 1.3819741 1.3671001 1.3437681 1.492582 1.5073863 1.4831313 0 
