# rmsds '-p' '8' '2knr.pdb' 'test.pdb' - louis (Fri May 17 23:37:35 2019) {/home/louis/loos/Packages/User} [3.0 190517]
# 20 20 (0)
0 1.5056106 0.75115836 1.3304778 0.98588842 0.70839095 0.68089974 0.92345595 1.0995387 1.7584906 0.80101579 1.3463265 2.0507927 1.5168128 1.0635982 1.0317067 1.5463736 1.3989321 0.78175575 1.259467 
1.5056106 0 1.6498336 0.66540968 1.0441523 1.2682939 1.5855286 1.3763824 1.057125 0.89722514 1.1036782 1.1062275 1.0797089 0.72334796 0.86896616 1.071812 0.80275434 1.0707752 1.0563316 0.90084386 
0.75115836 1.6498336 0 1.518381 1.2040375 0.97354198 0.87847042 0.96857476 1.1481755 1.8350155 0.86919469 1.4602005 2.2085688 1.6500647 1.2430079 1.0892879 1.6741232 1.5485858 1.0361218 1.3043506 
1.3304778 0.66540968 1.518381 0 0.7529431 1.1744684 1.4167434 1.2369992 0.88678652 0.94135112 0.9988448 0.76406401 1.1951445 0.76745182 0.84124357 0.96184212 0.78363055 1.001117 0.90580124 0.74854487 
0.98588842 1.0441523 1.2040375 0.7529431 0 0.91704619 1.0305958 0.86433989 0.74139202 1.2364428 0.93003654 0.67231005 1.6070808 1.0369841 0.89451784 0.79225314 1.077327 0.96999627 0.77317971 0.77793193 
0.70839095 1.2682939 0.97354198 1.1744684 0.91704619 0 0.9722833 0.89826673 0.97652614 1.5987694 0.7923606 1.18077 1.8895714 1.2955908 0.83016384 0.94304854 1.3647022 1.2860233 0.75561893 1.1194119 
0.68089974 1.5855286 0.87847042 1.4167434 1.0305958 0.9722833 0 0.97003508 1.1676558 1.7555157 1.0960362 1.3956153 2.0049047 1.5782831 1.2372379 1.1467153 1.5816869 1.4718094 0.95706433 1.2564634 
0.92345595 1.3763824 0.96857476 1.2369992 0.86433989 0.89826673 0.97003508 0 0.96756047 1.5432023 0.98944736 1.0604453 2.0126271 1.4372228 1.1196414 0.85022724 1.4738705 1.2546508 0.92181641 1.1314839 
1.0995387 1.057125 1.1481755 0.88678652 0.74139202 0.97652614 1.1676558 0.96756047 0 1.0821981 0.90999228 0.75740707 1.5410694 0.85250562 0.77421689 0.77484548 1.0201186 0.96366018 0.76211256 0.68757677 
1.7584906 0.89722514 1.8350155 0.94135112 1.2364428 1.5987694 1.7555157 1.5432023 1.0821981 0 1.4439638 1.0883666 0.89506727 0.65309066 1.0875258 1.1930863 0.79475737 1.0659958 1.2686747 0.94748205 
0.80101579 1.1036782 0.86919469 0.9988448 0.93003654 0.7923606 1.0960362 0.98944736 0.90999228 1.4439638 0 1.1367263 1.7468008 1.2153838 0.84596986 0.81878287 1.2054666 1.1659518 0.77265722 0.97451866 
1.3463265 1.1062275 1.4602005 0.76406401 0.67231005 1.18077 1.3956153 1.0604453 0.75740707 1.0883666 1.1367263 0 1.5302296 1.019953 0.95344388 0.84779793 1.0378264 0.85215205 1.0270528 0.7801742 
2.0507927 1.0797089 2.2085688 1.1951445 1.6070808 1.8895714 2.0049047 2.0126271 1.5410694 0.89506727 1.7468008 1.5302296 0 0.99414778 1.3433764 1.6086955 0.87802076 1.381797 1.577523 1.2416307 
1.5168128 0.72334796 1.6500647 0.76745182 1.0369841 1.2955908 1.5782831 1.4372228 0.85250562 0.65309066 1.2153838 1.019953 0.99414778 0 0.87646675 1.1262608 0.7458145 1.0694116 1.0280625 0.80486518 
1.0635982 0.86896616 1.2430079 0.84124357 0.89451784 0.83016384 1.2372379 1.1196414 0.77421689 1.0875258 0.84596986 0.95344388 1.3433764 0.87646675 0 0.76382995 0.89496118 0.9256587 0.73525822 0.73732501 
1.0317067 1.071812 1.0892879 0.96184212 0.79225314 0.94304854 1.1467153 0.85022724 0.77484548 1.1930863 0.81878287 0.84779793 1.6086955 1.1262608 0.76382995 0 0.99314922 0.83569086 0.892479 0.8351754 
1.5463736 0.80275434 1.6741232 0.78363055 1.077327 1.3647022 1.5816869 1.4738705 1.0201186 0.79475737 1.2054666 1.0378264 0.87802076 0.7458145 0.89496118 0.99314922 0 0.94661784 1.1285136 0.86235023 
1.3989321 1.0707752 1.5485858 1.001117 0.96999627 1.2860233 1.4718094 1.2546508 0.96366018 1.0659958 1.1659518 0.85215205 1.381797 1.0694116 0.9256587 0.83569086 0.94661784 0 1.0314698 0.9155075 
0.78175575 1.0563316 1.0361218 0.90580124 0.77317971 0.75561893 0.95706433 0.92181641 0.76211256 1.2686747 0.77265722 1.0270528 1.577523 1.0280625 0.73525822 0.892479 1.1285136 1.0314698 0 0.86537528 
1.259467 0.90084386 1.3043506 0.74854487 0.77793193 1.1194119 1.2564634 1.1314839 0.68757677 0.94748205 0.97451866 0.7801742 1.2416307 0.80486518 0.73732501 0.8351754 0.86235023 0.9155075 0.86537528 0 
